 -1.994098   2.438505
 -1.992806   3.155734
 -1.991321   5.100406
 -1.988826   4.101221
 -1.985231   1.941412
 -1.984791   3.444327
 -1.984757   2.512391
 -1.984376   3.448953
 -1.984143   2.945661
 -1.977036   2.620119
 -1.972635   4.140058
 -1.972513   3.447743
 -1.965365    4.30528
 -1.964534   2.596218
 -1.960177    3.39658
 -1.957809   4.596534
 -1.955689   3.701733
 -1.947146   5.040834
 -1.945755   3.397776
 -1.945376    2.41262
 -1.940571   3.312952
    -1.939   3.377638
 -1.936378   5.332277
 -1.923668   3.880194
 -1.923526   4.050266
 -1.921164   1.115123
 -1.914539   3.826707
 -1.914337   4.912701
 -1.898923   4.042742
 -1.897753   1.370067
 -1.892415    3.24263
 -1.891116   2.270851
  -1.87382    6.95138
 -1.871758   4.494556
 -1.868742   5.339918
 -1.867243   3.620251
 -1.864714   3.379307
 -1.861802   4.358311
 -1.860137   5.315538
 -1.855621   5.373176
 -1.855133    6.57889
 -1.848754   6.407919
 -1.848021   3.280178
 -1.842841   2.744976
 -1.837926   5.300557
 -1.836097   5.471166
 -1.821887   5.390785
 -1.816617   5.042496
 -1.810968   4.301558
 -1.807374   4.080199
 -1.799066     4.8295
 -1.795621   3.463287
 -1.787592   4.618549
 -1.783005   4.347564
 -1.781882   5.465992
  -1.77872   4.710786
 -1.773917   5.010014
 -1.770283   4.594553
 -1.764153   5.231752
 -1.762231   5.526604
 -1.753052   4.987014
 -1.752705     5.1235
 -1.752444    6.06068
 -1.749573    5.76377
 -1.745264   7.693519
 -1.745071   4.600407
 -1.724705   5.109134
 -1.698913   5.049865
 -1.697629   6.074954
 -1.663148    6.88324
 -1.662641   8.609571
 -1.661792   7.800604
 -1.660375   9.122877
 -1.658141   5.624356
 -1.657649   3.062377
 -1.640775   4.859676
 -1.632213   7.711491
 -1.632085   6.921284
  -1.63183   4.540401
 -1.626143   4.543398
 -1.622743   5.055483
 -1.613873   7.998392
 -1.613217   5.524795
 -1.610506   5.123449
 -1.607557   6.065668
 -1.603431   6.495222
 -1.600284   7.332155
  -1.59471   4.393994
  -1.58953   5.356231
 -1.588969   6.699568
 -1.587123   4.105643
 -1.584304   7.228746
 -1.583945   7.562279
 -1.580774   4.897342
 -1.579371   5.037405
 -1.574259   9.920296
 -1.560933   6.098902
 -1.552159   8.028279
  -1.54926   5.355627
 -1.548929   7.860761
  -1.54738   3.156012
 -1.545627   5.821256
 -1.541597   6.746272
 -1.541059   3.702928
 -1.519827   8.095672
 -1.516562   7.402454
 -1.514204   5.718645
 -1.513212    5.20135
 -1.511966   8.234247
 -1.511792   7.042638
 -1.509672   4.869623
   -1.5041   4.373492
 -1.502854   6.376632
 -1.497595   6.727842
 -1.491894   3.675236
  -1.49063   7.956156
 -1.486014   7.815825
 -1.479821   7.494681
 -1.466353   7.453232
 -1.461789   6.670129
 -1.452501   6.294227
 -1.451405   5.586251
 -1.432275   7.369997
 -1.426559   6.427254
 -1.421765   6.267841
 -1.417232   6.055925
  -1.41271   5.184986
 -1.411904   5.712576
 -1.411585   6.730827
 -1.402353    5.98604
 -1.402072   7.421455
  -1.40135   5.609253
 -1.398442   8.735828
 -1.389523   6.499059
 -1.384921   7.201034
 -1.384486   6.759281
 -1.380722    7.10476
 -1.380532   5.655275
 -1.365097    3.89487
 -1.360796   6.800637
 -1.359742   4.838595
 -1.355155   6.652037
  -1.35489   5.166116
 -1.350356   5.759851
 -1.346356   7.687584
 -1.343393   5.437012
  -1.33844   3.220852
 -1.324557   7.501732
 -1.319531   5.034227
 -1.315057   5.157042
 -1.314354   5.475903
 -1.310237   6.648995
 -1.295826   6.494853
 -1.294346   5.799989
 -1.291968   3.697533
 -1.277137   5.820251
 -1.276397   3.879302
  -1.27349   6.903777
 -1.270498   3.613441
 -1.264768   3.096206
 -1.259535   7.893932
 -1.254743   6.197694
 -1.251933   4.932603
 -1.244718   4.804313
 -1.241323   6.883285
 -1.238573   4.426782
 -1.235999   5.215732
  -1.22937   8.347388
 -1.223632   5.362407
 -1.219902   7.355001
 -1.202963   6.728139
 -1.200173   5.437946
 -1.196183   2.659424
 -1.191542   4.663596
 -1.183891   6.016863
 -1.179612    7.20177
 -1.166051   6.162361
 -1.164505   6.422902
 -1.159095   3.487301
 -1.158872   5.436058
 -1.158423   4.914929
 -1.156734   3.542359
 -1.152178   5.084215
  -1.15066   5.370361
 -1.145645   6.476308
 -1.145241    5.57597
 -1.144276   6.519735
 -1.141817   4.275432
  -1.13706    7.11866
 -1.135139   5.339099
 -1.134627   4.882765
 -1.133913   3.841632
 -1.132832   7.038665
 -1.131032   4.787078
 -1.130786   3.822427
   -1.1304   6.792371
  -1.12887   3.953875
 -1.121001   4.391368
 -1.119491   6.665696
 -1.112016   6.334588
 -1.104577   6.528625
 -1.104298   4.652273
  -1.10426   5.750324
 -1.102324   2.521611
  -1.10015   5.256604
 -1.095167   4.972227
 -1.087583   4.714865
 -1.086217   4.044124
   -1.0805   3.611246
 -1.079375   3.882695
 -1.076861   3.697855
 -1.075661   6.176382
 -1.072715   3.494904
 -1.069057   5.243636
 -1.068218   6.044529
 -1.067688   5.816978
 -1.065318   5.587737
 -1.054484   1.415515
 -1.049963   5.865507
 -1.049529   4.975187
 -1.048913   3.047565
 -1.048845   4.566799
  -1.03765   5.626314
 -1.031671   4.925074
   -1.0312   2.948809
 -1.025594   6.750147
 -1.019902   4.290184
 -1.015305   7.131782
 -1.015182   3.046734
 -1.000091   3.817529
-0.9912026   5.344933
-0.9855652   4.162218
-0.9853699   3.616688
-0.9826143   5.588604
-0.9778071   6.046404
-0.9758066   3.563178
-0.9727622   4.967768
 -0.969748   6.762402
-0.9500272   5.091199
-0.9481544   4.567783
 -0.947909    2.89474
-0.9450301   5.412005
-0.9431693   3.363953
 -0.934279   5.988675
-0.9331366   3.768187
-0.9306806   3.253436
-0.9301681   5.844569
-0.9242028   4.575941
-0.9075702   3.891759
 -0.906478   5.123626
-0.9019785   3.230543
-0.8991212   5.793915
-0.8970868   4.359036
-0.8938404   1.981055
-0.8840439   2.139627
-0.8686462   4.548055
-0.8647346   4.709356
-0.8628787    4.59601
 -0.861756   5.694041
-0.8616128   3.336661
-0.8582819   3.199178
-0.8577585   4.210796
-0.8512253   4.957399
-0.8457266   4.701171
-0.8346855   3.610892
-0.8320253   3.972744
-0.8288677  0.6882678
 -0.827983   3.169646
-0.8234882   4.148966
-0.8224295   1.187618
-0.8198323   4.399626
-0.8128539   4.093526
-0.8112732   3.774459
-0.8101323   2.886103
-0.8041463   2.789871
-0.8022736   3.194075
-0.7944119   4.243064
-0.7908151   2.597451
-0.7900753   3.904898
-0.7884561   3.543909
-0.7841458    4.31164
  -0.78112  0.6987656
-0.7752973   3.942994
-0.7714614   3.324785
 -0.771398   3.670899
-0.7680166    3.16303
-0.7636082   1.718332
-0.7618252   4.800928
-0.7587282   2.687543
-0.7420556   3.022359
-0.7256688   2.537613
-0.7236313   3.243725
-0.7225788   3.129801
-0.7203238     3.3202
-0.7141416   4.389458
-0.7082076   4.621705
-0.7081414   2.970702
-0.7067447   3.000972
-0.7055555   3.658031
 -0.691921   2.250574
-0.6812381   2.264248
-0.6770424   3.143313
-0.6733899   3.775087
-0.6681243   2.953562
-0.6680238   3.689974
-0.6658212   2.082241
-0.6645109   1.905533
 -0.664493       4.09
-0.6644771   1.869168
-0.6587246   2.727218
-0.6558047   2.706638
 -0.651468   2.847326
-0.6481687   2.455765
-0.6473978   4.424484
-0.6339487   3.426607
-0.6337964   2.721119
-0.6327787   2.255514
-0.6322436   2.337197
-0.6318753   2.101027
-0.6306072  0.7997482
-0.6290857   1.698122
-0.6248112    2.66706
-0.6184356   1.086904
-0.6128812   2.434415
-0.6110334   1.992899
-0.6081997   3.714663
-0.6046672   1.999135
-0.5955838   2.161477
-0.5949485     1.2989
-0.5916511   3.367795
-0.5811014   3.859198
-0.5800989   2.293376
-0.5798968   2.437401
-0.5789846   1.439262
-0.5720416  0.8799628
-0.5629822  0.9568459
 -0.560575   2.008205
-0.5593249  0.8821385
-0.5589074   3.066743
 -0.555112   1.349418
-0.5501015   2.522185
-0.5479166    1.17152
-0.5385157  0.8946099
-0.5356251   2.121335
-0.5262981   2.316721
-0.5254149    3.12943
-0.5120383    2.01026
-0.5048794   1.794214
-0.5026318   1.217914
-0.4995705   3.397693
-0.4955536   2.179498
 -0.492098   1.014261
-0.4892273   2.245581
-0.4870319   2.214832
-0.4822562  0.4891709
-0.4811968  0.7286761
-0.4785948   1.552741
-0.4784834   2.184014
-0.4780564   1.670481
-0.4732066   1.733098
-0.4704708   1.013525
-0.4696836   3.745943
-0.4664386   1.790474
-0.4612673   1.067422
-0.4602476   1.150554
-0.4592446  0.8527528
-0.4590188  0.2224863
-0.4557182   1.363805
-0.4556847   1.654739
-0.4553166  0.1943771
-0.4541816   2.562676
-0.4528692   1.598853
-0.4444923   3.248968
-0.4397607   3.475552
-0.4363385   3.677005
-0.4261675  0.8558271
-0.4247173   1.004139
-0.4244913   1.380704
-0.4221293   2.060057
 -0.421924  -0.894201
-0.4173329   1.101908
-0.4092006   3.909126
-0.4000964  0.6329455
 -0.396152   2.037599
-0.3956897   2.602778
-0.3950672   1.746546
 -0.392659   2.706014
-0.3853847  0.6184115
 -0.370386   2.282402
-0.3654458   1.943143
-0.3652989   1.040042
-0.3641639   1.225564
-0.3637498   1.076775
-0.3637234  0.4945593
-0.3629626 0.05331239
-0.3587944    2.76036
-0.3585656    1.29692
-0.3518803   1.626407
-0.3515849 0.04911245
-0.3490532  0.3348109
 -0.345889  0.3759532
-0.3455973  0.4181639
-0.3430665   1.492059
-0.3424097 -0.7526361
-0.3416719 -0.2633808
-0.3395299    0.46692
-0.3359504  0.4540554
 -0.334357   2.982456
-0.3315073    1.84643
-0.3306287 -0.3014297
-0.3263006    0.39705
-0.3249476  -0.195998
 -0.321698  0.3801826
-0.3195115  0.8848552
-0.3194565  0.6839094
-0.3144819   2.009455
-0.3063163   1.919111
-0.3014671   1.236651
-0.2952823  0.5499196
-0.2836893 -0.7269975
 -0.280716   1.112609
-0.2797706  -1.174257
 -0.278249 0.06049672
-0.2762286  0.3681972
 -0.268003  0.4402653
-0.2611935 -0.06993382
-0.2563853  0.8019207
-0.2547867   1.900507
-0.2465959    1.33117
-0.2326071 -0.9377403
-0.2310155    1.47365
-0.2215603 -0.8863897
-0.2190439  0.5372939
-0.2109497  -1.061647
-0.2096102  0.7350052
-0.2040882 0.04411492
-0.2008556  0.9518875
-0.1984073 -0.01006921
-0.1978468   1.752814
 -0.197804 -0.1165461
 -0.197408 -0.8216336
 -0.197209 -0.3954247
-0.1934133 0.03812609
-0.1830239   1.316654
-0.1793934  0.6055223
-0.1695709   1.292363
-0.1618743 -0.1591563
-0.1616039  0.4305229
-0.1514471  0.2951243
-0.1473995  0.4014428
 -0.144799    1.26317
 -0.141424  0.2751409
-0.1325267 -0.1198443
-0.1302683 -0.07316972
-0.1297564  0.3377077
 -0.123844   1.430936
-0.1154051 -0.02944857
 -0.113433    0.46922
-0.1106477 -0.6342629
-0.1087231  0.7161038
-0.1070152 -0.2353678
-0.1067022 -0.06837465
-0.1063557  0.1471244
-0.1017723 0.04279902
-0.1016852   1.210396
-0.09265295  0.5621688
-0.08905288   1.364378
-0.08807493  0.1944209
-0.0872228   1.579502
-0.08161473  -1.363862
-0.08040581    1.28164
-0.08037856 -0.1499997
-0.07867401 -0.7643681
-0.07689183  0.4046915
-0.0679525  -1.747722
-0.06621817   1.027246
-0.06491661 0.03429623
-0.06467068 -0.6969485
-0.05737302  0.5970172
-0.05702127  0.6613079
-0.05471094  0.7487806
-0.05291252 -0.05788756
-0.05143538  0.6842958
-0.0409698  0.4207845
-0.01879304   1.493993
-0.01675206  0.4927858
-0.01080057 -0.1442532
-0.007801239  0.1328862
6.99117e-05  0.6665345
0.003171597  0.4872676
0.003597075 -0.4397795
0.005607962 -0.4111672
0.006028517 0.09226344
0.007332308   -1.28491
0.01369894  0.0239459
0.01785878  -1.546147
0.02308398  -0.246615
0.02330912 -0.1881099
0.02458956   1.417016
 0.0287464 -0.9456988
0.03395403 -0.1903163
0.03414785   -0.59811
0.03415174  0.2631098
  0.035943 -0.3899072
0.04420977    1.12211
0.05289392   -1.21417
0.07079558 -0.8057781
 0.0778869  0.5761619
0.07941005  0.4328162
0.07966781  -1.163511
0.07984386 -0.2936591
0.08258121 -0.1500101
0.08766018  -0.851343
0.08773641  0.6300389
0.08836234 -0.4168392
0.09082915   1.334031
 0.0929633  -1.855297
0.09505641 -0.8363681
0.09866601 -0.09426545
0.09991818 -0.4848469
   0.10026   1.349145
 0.1026505  0.6977345
  0.103629  0.4389196
 0.1047568 -0.5020921
 0.1059082 -0.1155069
 0.1060441 0.001147147
   0.11003  -0.800365
 0.1104011 -0.0295353
 0.1162678   1.195553
 0.1270399  0.8626716
 0.1314906  0.1679824
 0.1365848 -0.2696271
 0.1409608  -0.226255
 0.1417456  0.9494022
 0.1467428 -0.4963592
 0.1469812 -0.8364506
 0.1507502 -0.003039891
 0.1555165  -0.264666
 0.1610247   1.541573
 0.1635484  0.8194894
 0.1666306 0.04466022
 0.1694892  0.3689278
 0.1707743  -1.454451
 0.1761259 -0.2334486
 0.1766697  0.3907363
  0.187671  0.5415299
 0.1967798  0.1066767
 0.2039801 -0.7527645
 0.2072343  -1.255951
 0.2096079  0.2885644
 0.2135184  0.7073718
 0.2153002  0.9313062
  0.220264   2.753723
 0.2217124 -0.09781364
 0.2305951  0.2793697
 0.2452737 0.09012073
 0.2455985 -0.3692365
 0.2467463  0.5908728
 0.2514539   0.532484
 0.2515038 -0.1378548
 0.2542857 -0.03867378
 0.2568007  -1.301615
 0.2574192 0.08657141
 0.2600991 -0.3258241
 0.2696375  -1.028751
 0.2700134 -0.6506975
  0.274136  0.2340405
 0.2752249  -1.175336
 0.2777824  0.5231564
 0.2876363  -1.366731
 0.2937109 -0.9948737
 0.2941713 0.04693102
 0.2984068   1.352664
  0.300809 0.07893616
 0.3026561  0.5003955
 0.3036593   1.273598
 0.3055389 -0.4025824
 0.3094254 -0.4207353
 0.3106674  0.8619514
   0.31274 -0.4907775
 0.3237442  -1.142117
 0.3292746 -0.1270171
 0.3326247 -0.7993698
 0.3327625  -1.568959
 0.3366071  0.3397928
 0.3406656  -1.400024
 0.3419099   1.059201
 0.3429245 -0.1992178
 0.3469279  0.7646758
 0.3478307   0.599346
 0.3553002  0.1726455
 0.3580027  0.1520171
 0.3587839   0.988355
 0.3601824 -0.6452538
 0.3611654   0.912987
 0.3615556  0.5460685
 0.3646378  0.9203647
 0.3689314  0.3993339
 0.3694017 -0.9975979
 0.3697439  0.2971489
  0.371011  0.8341201
 0.3734871   1.002122
 0.3916267  0.1491663
 0.3925519 -0.1610474
 0.3928033 -0.6210319
 0.3973251 -0.2910181
 0.4092885 -0.2672094
 0.4126593 -0.1314881
 0.4324774    1.62437
 0.4339622   0.892677
   0.44378 -0.1265366
  0.445299  0.6295318
   0.44984 -0.01885567
 0.4621059  0.9504208
 0.4624647 -0.3020951
 0.4631045  0.8163517
 0.4638227 -0.6847198
 0.4672613  0.3924377
 0.4730199  -0.205555
 0.4754917 -0.6211163
 0.4783103  0.1690677
 0.4818938  0.7436015
  0.494305  0.5031548
 0.4990087  0.5940734
 0.5026918  0.5048994
 0.5039128  -0.630972
 0.5046262 -0.4429074
 0.5092945    1.70878
 0.5127639  0.4650792
 0.5169689   1.100243
 0.5208011  -1.563695
 0.5237606  -1.358924
 0.5254141  0.8005561
 0.5276527   1.119561
 0.5338025   1.801946
 0.5398941  0.3607265
 0.5434583 -0.5015319
 0.5492634   2.398047
 0.5509822 -0.4138259
 0.5520985   1.215243
 0.5555975 -0.5880165
 0.5568056 -0.7209532
 0.5590037 0.03309512
 0.5622823  0.6533068
 0.5658593 -0.2917859
 0.5670126 0.04650466
  0.569739  -0.494856
 0.5706927   1.681209
 0.5758325   2.032971
 0.5815408  0.8443407
 0.5924664 -0.3945806
 0.5925555 0.008118393
 0.5936071   1.612282
  0.597576 -0.1671433
 0.5990792 -0.3564227
 0.6097875   1.860014
 0.6101305   1.194123
 0.6118332   2.983854
 0.6172912  0.4596563
   0.61884  0.7384668
 0.6247094   1.383391
 0.6258428 -0.4586133
 0.6271357  0.9276554
 0.6288816 -0.5445338
 0.6427725  0.4767654
 0.6459451  0.4700175
 0.6502099  0.9612208
 0.6530397  0.7079045
 0.6557165   2.158318
 0.6561148   1.407847
 0.6599358  0.9821873
 0.6630712  0.6684052
 0.6680447  0.9561997
 0.6696721  0.8054755
  0.676929   1.454449
 0.6828842  0.4824829
 0.6932064  0.8602664
 0.7138351  0.7810746
 0.7146853   1.287534
 0.7194253   1.386856
 0.7231305  0.2615988
 0.7254538  0.3626398
 0.7359967    1.45587
 0.7445457   1.093873
 0.7464216   1.128063
 0.7493166   1.843464
 0.7493569   1.492013
 0.7638676   1.484487
 0.7671345 0.0001126724
  0.768248   1.860002
 0.7892026   2.108433
 0.7923668   2.572165
 0.7994892 -0.4528996
 0.8025474  0.3775078
 0.8067494   1.870544
 0.8092998   1.938049
 0.8121751   2.153576
 0.8156259   1.294368
 0.8225676  0.2525988
 0.8270128   1.104341
  0.827464 -0.4243444
 0.8275288   2.219007
 0.8295072   2.161205
 0.8299917 0.01303977
 0.8308292    1.53566
 0.8352947  0.1593503
  0.838858   1.058246
 0.8389341   2.261492
 0.8418172   2.900573
 0.8459474  0.2046194
 0.8490033   2.823091
 0.8507265   1.294734
 0.8589863   3.042047
 0.8589946   1.061995
 0.8597024   1.762398
 0.8636944   1.820334
 0.8662901   2.719597
 0.8688665   2.734109
 0.8693694   1.882399
 0.8698782   2.877756
 0.8710792   2.961505
 0.8752904   1.837813
 0.8800381   2.348134
 0.8816356  0.8657664
 0.8839737   1.325652
 0.8850126   3.052449
  0.891218   0.287783
 0.8973325   2.182919
 0.8981636   0.348286
 0.9075125   3.278411
 0.9121839   1.687825
 0.9124857  0.2972541
  0.915286   1.772463
 0.9185742   2.322131
  0.920345   2.128546
 0.9255774   1.769098
 0.9262895   1.546365
 0.9266135    1.15091
 0.9294125   1.904542
 0.9296627    1.98794
 0.9298281   2.727481
   0.93043     4.2893
 0.9308477   2.969937
 0.9310977   1.472518
 0.9317147   1.060332
 0.9324793  0.9333892
  0.935792    2.78823
 0.9386745 0.05378868
 0.9396032  0.8189412
 0.9453751   1.681448
  0.949282    1.27392
 0.9508587   1.572999
 0.9521152   2.811028
 0.9545523   3.507807
 0.9706837   1.523862
  0.972495    3.33873
 0.9741291  0.9888452
 0.9837513    1.93036
 0.9892999   1.570586
 0.9907906   1.869654
 0.9960332   1.921589
  1.002075   0.493995
  1.005016   3.820652
  1.006706   1.341587
  1.007911   2.950766
  1.009917   2.632266
  1.011076   2.466337
  1.021984   1.386479
  1.028261   2.189275
  1.030731   3.347998
  1.038539   4.021768
  1.058685   3.583799
  1.061432   2.632567
  1.061833   1.415056
  1.066863   3.039837
  1.071204   2.137363
  1.071747   3.355696
    1.0776    1.89448
  1.078642   2.193001
  1.083753   1.668747
  1.091474   2.858418
  1.094332   3.045781
  1.098701   2.106269
  1.099614   1.733357
  1.100637   2.868784
  1.105779   2.818866
  1.106399   1.033418
  1.121041   3.210211
  1.123015   3.874502
  1.136903   1.295303
  1.141053   3.022186
  1.142519   2.273177
  1.146494  0.9042734
  1.148842   1.272898
  1.151634   2.634194
  1.152651   2.258163
  1.153072   3.319096
   1.15408   3.429283
  1.161193   1.643059
  1.172314    4.39648
  1.175982   2.560654
  1.176739   3.759271
   1.17726   2.251394
  1.179292    2.80613
  1.186047   3.211604
  1.193446   2.737331
   1.21016   1.847019
  1.210512    3.29024
  1.210716   1.541423
  1.212219   3.673211
  1.218526   2.430721
  1.221549   4.525584
  1.223123   1.884184
  1.231223   1.676635
  1.233189   2.116359
  1.237197   2.486434
  1.244594   3.667307
  1.245742   4.954728
  1.248969   3.389525
  1.249207    2.27486
   1.25097   2.721069
  1.251926   3.352166
  1.266714   3.661882
  1.269445   2.383881
   1.27109   2.313882
  1.271476  0.5131022
  1.274696   3.043856
  1.275156   4.550914
  1.275994   3.239157
  1.282797   1.108686
  1.283134   4.325862
  1.285455   3.161076
  1.290515   5.116681
   1.29279   3.094662
  1.295912   3.156557
  1.296348   3.142091
  1.297789   1.702616
  1.301321   3.074866
  1.321037   3.614704
  1.323008   1.316166
  1.328462   3.190872
  1.334658    2.82313
  1.335324   1.592471
  1.335861   3.475582
   1.34422   2.234479
   1.35358   1.140835
  1.357272   2.465332
  1.360143    3.76971
  1.365894   4.586013
  1.366658   3.588711
  1.378336   3.902965
  1.379838   3.261499
  1.383854   3.308389
  1.387381    1.44917
  1.397442    2.74689
  1.397555    3.37812
  1.401213   3.196619
  1.411148   4.080906
  1.412652   3.660494
  1.421261   2.786565
  1.424527    5.78981
    1.4251   1.273114
  1.431083    2.13188
  1.441006   2.490018
  1.443215   2.422467
    1.4436   4.688176
  1.447565   3.522592
   1.45239   2.358946
  1.455205     1.3627
  1.460841   3.539768
  1.464022   3.130396
  1.471063   3.174534
   1.47363    2.79146
   1.47777    2.53911
  1.483088   4.386872
  1.493356   2.136889
  1.504827  0.7373341
  1.509164   1.196714
    1.5097   2.393505
  1.515266   3.281931
  1.522545   1.803596
  1.525463   1.469005
  1.527644    2.94304
  1.543159   2.219578
  1.545996   2.439149
  1.558442   3.251283
  1.561852   1.334496
  1.569698  0.2463012
  1.570356   3.210841
  1.572729   4.515456
  1.579165   2.079221
  1.582925   2.511672
    1.5872   3.396125
  1.588792   2.037786
  1.595015   1.759653
  1.596261   1.539294
  1.600639   3.485934
  1.605543   3.444927
  1.611095   1.772544
  1.617874 0.03911893
  1.624405   1.921553
  1.627002   2.775335
  1.631392   3.381769
  1.633975 -0.05541744
  1.634318   2.156019
  1.642491   2.528415
  1.646829   2.129105
  1.648461  0.7614244
  1.656364   2.093106
  1.658754   1.768478
  1.660161   3.508283
  1.662997   2.609532
  1.668079   2.040985
  1.669874   2.805792
  1.671912   2.783397
  1.673095   4.527609
  1.673539  0.3395458
  1.685904   3.521087
  1.689264    1.41375
   1.68963   2.107352
  1.689792   1.943973
  1.692868  0.9570758
  1.692963   1.371626
  1.695915    4.12903
  1.699105 -0.07556355
  1.699385   1.351431
  1.701109   2.169046
  1.705889   1.942294
  1.706825   1.390833
   1.70941   1.558459
  1.718513   2.708211
  1.720634   1.837117
   1.73011 -0.1478711
  1.734102   2.002292
  1.739821  0.1845843
  1.741549   1.780381
  1.748341   2.081136
  1.749305  0.9214328
  1.749416   1.799082
  1.755721   0.760063
  1.760734   1.733008
    1.7617  0.8858094
  1.764462   1.604736
   1.76499   1.469878
  1.771063  0.9423231
  1.771788   1.917534
  1.776443  0.6081931
  1.791309  0.2965786
   1.79599   1.765398
  1.796528    1.21696
  1.800878 -0.4182587
  1.807449   1.584774
  1.808508   1.179421
   1.81255   1.008314
  1.820951 0.03128784
  1.821663  0.1929194
  1.824744   1.767963
   1.82558    1.72431
  1.830227  0.3353204
  1.832212   0.379717
  1.836305  0.9130613
   1.85094  0.5288202
  1.851087 -0.8622518
  1.851127  -0.797345
  1.851459 -0.06147154
  1.859144  -0.353604
  1.859727 0.003229866
  1.865445   1.035084
  1.868316 -0.3665125
  1.873906   1.285264
  1.879851  0.3950512
  1.882556   1.089056
  1.884903  0.4657773
  1.887775  0.1918364
  1.888714  0.3193593
  1.893174  0.4584671
  1.894005  -1.461277
  1.897747  -1.073496
  1.900586  -1.185621
  1.906097  -0.585717
  1.916557  -1.279077
  1.918469  -1.210866
  1.921292  -1.120842
  1.924158 -0.7662684
  1.924288  -1.078295
  1.930077  -1.397469
  1.933146 -0.8546261
  1.943755  0.4717804
  1.954186  -1.816484
  1.955665 -0.8308848
  1.956064  -1.262449
  1.968616 -0.2398083
  1.971956  -1.421661
  1.975737  -1.962052
  1.975795  -2.278874
  1.976907  -2.308643
  1.978621  -2.408378
  1.986673  -2.509292
  1.995028  -2.609415
  1.995334 -0.8520122
