     0.052    0.12862
     0.052   0.054634
      0.06    0.14028
     0.074    0.15544
     0.083          0
     0.084    0.19805
     0.087    0.44052
     0.098    0.13084
     0.103    0.13165
     0.143    0.52732
      0.15    0.39031
     0.154    0.34448
     0.157    0.33124
     0.166    0.38155
     0.187    0.26167
     0.192    0.31755
     0.193   0.055037
     0.203   0.080485
     0.218    0.54617
     0.234     0.2561
      0.25    0.41512
     0.253    0.56023
     0.255    0.30853
     0.259    0.25617
     0.261    0.35459
     0.267    0.78459
     0.291    0.58324
     0.304    0.95553
      0.31    0.46362
     0.315    0.48734
     0.329     0.6097
     0.344    0.71927
     0.357    0.34595
     0.361    0.53067
     0.384    0.98785
     0.384    0.64825
     0.397    0.41311
     0.406    0.56502
     0.411    0.90453
     0.416     1.0404
     0.416     1.2542
     0.431    0.59144
     0.433    0.90114
     0.437    0.65295
     0.445    0.63789
     0.446    0.97389
      0.45    0.71744
      0.47    0.39303
     0.475    0.98342
     0.478     1.2173
     0.478    0.85123
     0.478     1.1035
     0.491    0.93499
     0.491    0.84103
     0.494     1.0703
     0.507     1.0445
     0.511    0.64394
     0.512     1.4637
     0.526      0.935
     0.548    0.74874
     0.576     1.4547
     0.589     1.3035
     0.597    0.96652
     0.598     1.0436
     0.599     1.0935
     0.611     1.5568
     0.622     1.1308
     0.635     1.7173
     0.636    0.88114
     0.645     1.2531
     0.657     1.2072
     0.666     1.3531
     0.681      1.245
     0.706     1.0539
     0.713     1.4229
     0.716     1.2705
     0.741     1.6224
     0.742     1.4301
     0.745     1.3143
     0.746     1.1191
     0.756     1.7901
      0.76     1.4887
     0.796     2.1124
     0.799     1.1588
     0.821     1.7143
      0.83     1.5789
     0.834     1.2734
     0.839     1.9141
     0.842     1.6351
     0.857     1.6605
     0.857     1.4836
      0.87     1.8405
     0.873    0.86615
     0.884     1.2464
     0.912      2.041
     0.922     1.5977
      0.93     1.8729
     0.947     1.6594
     0.955     1.7221
     0.994     2.0073
